Run semi-empirical minimization
 &qmmm
  qm_theory='AM1', grms_tol=0.05, tight_p_conv=1, scfconv=1.d-7, peptide_corr=1,  qmcharge=0,
 /
  15    P1        2.4260       -1.6860       -1.6030 
  15    P2        3.9690        0.2040        0.0450 
  15    P3        2.2750        1.3030        2.1960 
   8    O1       -1.0180       -1.3780        0.9930 
   8    O2       -4.3650       -2.3640        0.1310 
   8    O3       -2.5760       -3.9670        1.4010 
   8    O4        1.3210       -1.9590       -0.4540 
   8    O5        3.7220       -1.1490       -0.8010 
   8    O6        2.8770       -3.1620       -2.0870 
   8    O7        1.9720       -0.7820       -2.7120 
   8    O8        2.7560        0.2050        1.1120 
   8    O9        3.5650        1.3830       -0.9850 
   8   O10        5.3340        0.3380        0.6520 
   8   O11        1.7780        2.5340        1.2740 
   8   O12        0.8980        0.6860        2.7750 
   8   O13        3.3050        1.6550        3.2280 
   7    N1       -2.6390        0.2830        0.4990 
   7    N2       -3.6010        2.2920        0.3620 
   7    N3       -0.7070        0.6510       -0.9280 
   7    N4       -0.6820        2.9220       -1.8200 
   7    N5       -2.3840        4.5240       -1.3050 
   6    C1       -2.9900       -2.1240       -0.0860 
   6    C2       -2.1230       -3.3340        0.2050 
   6    C3       -2.4290       -1.1070        0.8970 
   6    C4       -0.7600       -2.7010        0.4690 
   6    C5        0.0840       -2.5630       -0.7910 
   6    C6       -1.8410        1.0320       -0.3210 
   6    C7       -3.6830        1.0850        0.8820 
   6    C8       -2.4540        2.2730       -0.3920 
   6    C9       -1.8320        3.2380       -1.1770 
   6   C10       -0.1980        1.6670       -1.6580 
   1    H1       -2.8500       -1.7970       -1.1230 
   1    H2       -2.1210       -4.0830       -0.5920 
   1    H3       -2.8610       -1.2130        1.9000 
   1    H4       -0.1970       -3.2400        1.2390 
   1    H5       -0.4110       -1.9410       -1.5420 
   1    H6        0.2770       -3.5480       -1.2270 
   1    H7       -4.4940       -2.5760        1.0710 
   1    H8       -3.4310       -4.3850        1.2010 
   1    H9       -4.4690        0.7350        1.5370 
   1   H10        0.7260        1.4580       -2.1840 
   1   H11       -3.2420        4.7620       -0.8260 
   1   H12       -1.9130        5.2080       -1.8820 
   1   H13        2.3130       -3.6440       -2.7290 
   1   H14        4.2020        1.6400       -1.6860 
   1   H15        1.5150        3.3750        1.7050 
   1   H16        0.4460        1.1450        3.5150 

