Run semi-empirical minimization
 &qmmm
  qm_theory='AM1', grms_tol=0.05, tight_p_conv=1, scfconv=1.d-7, peptide_corr=1,  qmcharge=0,
 /
  15    P1       -4.1490        1.2230       -0.1130 
  15    P2        4.1580        1.3670        0.1110 
   8    O1        0.4150       -0.5420        0.9960 
   8    O2       -1.4980       -1.8290        1.4440 
   8    O3       -0.5650       -0.6270       -1.8610 
   8    O4        0.3580       -3.5480        0.0040 
   8    O5       -3.0450        0.0460        0.0210 
   8    O6        3.0340        0.3130        0.6070 
   8    O7       -3.3960        2.3580       -0.9850 
   8    O8       -4.1820        1.8580        1.3740 
   8    O9        3.4000        2.2280       -1.0290 
   8   O10        5.1740        0.4380       -0.7380 
   8   O11       -5.4820        0.7840       -0.6450 
   8   O12        4.7980        2.1720        1.2030 
   6    C1       -0.9070       -0.8840        0.5480 
   6    C2       -0.7160       -1.5680       -0.8070 
   6    C3        0.6060       -2.2910       -0.6210 
   6    C4        1.3780       -1.3890        0.3400 
   6    C5       -1.7600        0.3780        0.5150 
   6    C6        2.3810       -0.4870       -0.3640 
   1    H1       -1.5460       -2.2400       -1.0520 
   1    H2        1.1540       -2.4790       -1.5500 
   1    H3        1.8820       -1.9640        1.1250 
   1    H4       -1.2960        1.1540       -0.1030 
   1    H5       -1.8590        0.7790        1.5300 
   1    H6        1.8750        0.1740       -1.0730 
   1    H7        3.1200       -1.0900       -0.9000 
   1    H8       -1.2060       -2.7230        1.2030 
   1    H9       -0.4030       -1.1270       -2.6790 
   1   H10       -0.1600       -4.0850       -0.6190 
   1   H11       -3.8970        3.1550       -1.2600 
   1   H12       -4.8510        2.5440        1.5820 
   1   H13        3.8660        2.9870       -1.4390 
   1   H14        6.0060        0.8320       -1.0770 

